0.09473844472258297   -0.14298924239861455   -0.3158645137864913
-0.8160720945522478   0.4061935813621771   0.22769988361381266
-0.011327418357165664   0.023186019486484133   -0.03389641638166063
-0.8702929079940606   0.3005256196888897   -1.0
-0.07230174297061698   0.3145472009122352   0.16116407050797021
-0.192221240158156   0.21606604108797178   0.31671903701433224
-0.18562681823015192   0.17907190537135476   -0.45862769778384116
-0.47341379715723253   0.014147526537092947   -0.4299714120041941
0.6431138902418361   0.2654105960170323   0.23699680325034245
0.09092563248468521   0.12473816982055186   0.2002166122783624
-0.6488666287933056   0.2423456845923968   0.04000164439949505
-0.3412513925331945   0.2101570724649957   0.03006790702909523
-0.10768743992768703   0.384651062485988   0.20588639388402674
-0.1129644330210604   0.08317817132711847   -0.6986210456883476
-0.5529327924977243   0.024839178086076164   0.14547327973493407
-0.16380358626743496   -0.2782933499854571   -0.4539431510672177
0.23496620110540656   -0.06017688954514433   -0.3460465689523745
-0.17276001404063623   0.06254194563666071   -0.1327569196521724
0.36062319709333956   0.2032212143364338   -0.45941457752086556
-0.21190295965412975   0.031639837495350376   -0.14740068160163866
0.3139305315135472   0.2678371800433166   -0.2718434587880715
0.12744257321707186   -0.15609749138535212   -0.3130839104034253
-0.37183610448695337   0.3272123163256444   -0.6150704118389918
-0.22774390138878464   0.13994072757491427   -0.45161040860497426
-0.36459388389672753   0.004833111746922469   -0.5093115491062348
0.11327303156400337   0.742519313398422   0.5168428982408526
0.6386546573425682   -0.41046716717741993   -0.7822738386661554
-0.651792394423441   -0.1092300122371298   -0.4239502830677986
-0.27334411392072444   -0.024040186417819465   -0.14167460547408084
0.5465109831953314   0.16934813961111295   -0.020595290849834136
0.06658531832910741   -0.1132647817813851   -0.21524455459056713
-0.6693178161161276   -0.13860844471962175   -0.6373628716674015
-0.34768140835299355   -0.12751213437625097   0.0887401244675512
-0.9794222930917419   -0.14059313203262447   -0.4296023123467996
0.018926522135666923   0.06288337628775231   -0.4756415101352979
-0.04377938560643724   -0.07381144989920607   -0.7659098606869159
-0.17204377449383113   -0.07416419268907282   -0.37481063465746256
-0.5969371272979993   0.1336421944377051   0.11512186186156592
0.18371515206781508   0.1331194388103858   -0.2516252025568565
0.4004619369634683   0.15997499766860024   -0.42482551123474166
-0.32236350090511645   0.7046115861524505   0.2961836313976136
-0.8311644451563964   -0.4643743325013776   -0.2223590993466662
0.3500471986389557   0.04230501661930086   -0.7654973298904485
-0.12921115288783858   0.038736384924334066   -0.7580812262721152
-0.21354091797487995   0.15153527991301674   -0.9276237258750096
0.010121847483131496   -0.08223164346600864   -0.6058909322042716
-0.835397038398077   0.6230336767375246   0.07902130025552756
-0.6339418633259579   0.01387935013395869   -0.6897112886462999
-0.5643245176323155   0.44405750419286427   -0.21757789767553604
-0.5951856089644286   -0.20393401742081962   -0.6490869135181403
0.5955322942959724   -0.026528651006795134   -0.8533290792109272
-0.41324729969936913   0.3235367418352184   -0.8140113685889694
-0.5659596182782255   0.41076115458798323   -0.9351429734264919
-0.7156167653728949   0.25493249426135134   -0.6356969314322498
-0.5261041355198066   0.08876333068995756   -0.9587335763204098
-0.3157930630597219   0.36606346466649264   0.08587757492077919
-0.018803857112901112   0.6766213634766194   0.17005235848989853
-0.6183742961443794   0.13869149057485597   -0.902724982988968
-0.827020590091604   -0.46156375199809674   0.050721346410169454
-0.008911791797404756   0.026480537705715124   -0.5907201068895447
-0.6766359645105611   -0.07247799695717427   -0.9127093901602709
-0.46315810006663416   0.5398509338492448   -0.031575650136561384
-0.5103587076589423   0.09197760516382991   -0.7846959254844184
-0.09711184813669582   -0.06161700041333995   -0.5430168512031321
-0.24734825109052583   -0.16228614261158536   -0.5105720491006634
-0.016254371737374984   0.00715239857367167   -0.4428716705787318
0.23664331000755845   -0.24984654276994767   -0.10190071708741677
-0.7725053667100852   -0.18171276449342655   -0.2764500888908322
-0.5585254772041243   0.21725000857172305   -0.8242146357585932
0.9186971920232962   0.14472309030919228   -0.863206922268932
-0.7152291548733298   0.37130461295120365   0.8939338758282691
0.5052302863860401   0.0786098688881911   0.8503105592264313
-0.8941371508201991   -0.17942157739926679   0.22082894246003804
-0.9757741960129471   -0.039254754101875844   -0.22055146806307102
-0.6694585930902971   0.047512390295887164   -0.14359430274543894
-0.8259181221317241   0.26251753843823633   0.8472846227484476
-0.9761974070252983   0.5215332754995456   -0.20614974108383088
-0.3682961450683476   -0.9031814139613531   -0.8343075336545058
-0.6784522594549696   0.6456947811589377   0.5562293529569151
-0.5366664703674486   -0.3707331008729674   0.21493330431888213
-0.670812259904733   -0.22213710218640326   -0.46193409895531223
-0.5476634810230648   -0.05627443885260597   -0.050844844157879154
0.20734807376624742   0.6799660314891849   0.15560353076869715
-0.2112503936903124   0.12744678144928723   0.4005977490923358
0.11600909041531882   0.017593600614664195   0.1155379399663583
-0.38165796414308584   0.38127725497467146   -0.49191889073698947
-0.522223235758752   0.22700222590351826   0.18719706276218928
-0.28017489819846153   -0.028565691656575076   -0.2469312993360453
-0.378158493172736   0.39361280631989315   0.5170812142745753
-0.675485871777939   0.5222616357030847   0.740668173710368
-0.42386758648564316   -0.12536198045611502   -0.2614904508606326
-0.265531355307393   1.0   0.8762054206147325
0.31898308931441677   0.31444498589745296   -0.27923168136088194
0.6931669627838566   0.5395053414443114   -0.0481205084792099
-0.8776148896778257   0.19714299314162975   0.3767077969917323
0.5247985124191776   0.3376761691262178   -0.0005513711639251184
-0.19331428089380598   0.28144005677287254   0.3153031267461399
0.3280124248427112   -0.061981443398376634   -0.1851989572777426
-0.007449576038995986   0.060949568755698014   -0.2516658682875478
0.4771808444363741   0.5979674191722391   -0.9323132315841217
-0.33913038087341285   0.19037264799236264   -0.5510454442092958
-0.9669445102010124   -0.24947480281323242   -0.21918917590605236
-0.4673337418695479   -0.32146594573410514   -0.7187950549658528
-0.8004202786626581   -0.48551252075249873   -0.5434562916094707
-0.47843727941295455   -0.055110251215858885   -0.8407532222525016
-0.9396582982164955   -0.6926062265027588   -0.4086917060249132
-0.3615102132525606   -0.21976960610288343   -0.526553610402113
-0.9838400772221118   -0.7905706265558268   -0.6066241910890011
0.38541277406941576   -0.366720840219251   -0.2771162584328135
-0.5431684900293614   0.22505066534379647   0.7061742128162143
-0.21150208999749476   0.07196476864957102   -0.2416636831315523
-0.426451484212233   0.0316108587292645   -0.26134782408002166
-0.20853264858612486   0.05771916494110885   -0.1778230354324144
-0.11133157049406517   0.07746045864393136   0.07914546147984014
-0.4178001588006336   0.013000875025602099   -0.687701115669574
-0.13065094320211368   0.06879629961326139   0.002346335511558051
-0.023610778617185857   0.22562724951873236   -0.25219881538632916
-0.4800669812769083   0.06539703418556342   -0.2661974987101906
-0.40164448925893215   0.4513251211181013   0.45929835094717886
0.40958017160535354   -0.12029865368554438   -0.24467306497991304
0.07116822149519653   0.0005511861871208001   -0.6545358309675187
-0.1280890863958467   0.26016763030301227   0.09158681010184
-0.3518180366153739   0.08831420445239724   -0.4424143920496054
-0.47765621642547273   0.1584479164189505   -0.812185091025993
-0.6064224304281138   0.16443006440393315   -0.33124497889109394
-0.3702650469567531   -0.36513941198715216   0.07823077913620469
0.7504098601094522   -0.44094004494145456   -0.283557898775894
-0.8157018659172686   -0.6463585088808415   -0.13671211992039067
-0.9283696487003585   -0.5257518839433664   -0.38916948073001323
-0.4331985411354171   0.3839495628632321   -0.3825196597114261
-0.28195696259156844   -0.028068718610978705   -0.2737424446189247
-0.4447581563334482   0.3255331190634829   -0.869511559772145
-0.1211094562223568   0.5930704707018501   0.7074609465609114
0.09206747028676854   0.0990056341249681   -0.553547629832225
-0.10077883593378834   0.24134382721834835   -0.7481355192187544
-0.9693283385474858   -0.1185550465700882   -0.22896283184136268
-0.4021276568563591   0.07068100714161352   -0.9415839548287053
-0.3701742308543663   0.08310489983508806   -0.10623630760272829
-0.45780443061036447   -0.23836422729177742   0.47116663294012984
-0.5747719577997403   -0.15325207088913817   -0.6631453014694784
-0.3422908081035655   0.26342258703565213   0.7153813664552227
0.651463398332623   -0.24693547720647402   0.21727587433913587
-0.6518202209489747   -0.3825262438443995   0.17898905218049155
-0.1452336188017671   0.32922799079435117   0.04202904240616645
-0.17220747673956083   -0.0013959407980731475   -0.939511512785213
-0.3067267777533661   -0.05302926851951795   -0.3419672685313113
-0.1650837166381529   -0.1918763199537935   -0.6356259688339517
-0.7292688483567926   -0.15091594155528743   -0.7149962489570141
-0.23723771192219612   -0.06804267140637921   -0.6069615019597709
0.09406186768640645   0.10189470110053112   -0.739829868565235
-0.518795427604346   -0.3416178326211815   -0.29221095590945023
-0.20298109069508508   0.2271931493702979   -0.3217085195662729
-0.7149132085916632   0.4055901303777254   0.5923084363346702
0.5236643057704251   -0.4451039810904407   -0.28330645675185095
-0.2001960044394876   -0.14475234749272503   -0.21861939045192647
-0.18080556313469998   0.24548974153504655   0.01411724999324182
-0.25751157204360053   -0.08298130226384015   0.25391617698781177
0.298080479525499   0.0519612050164584   -0.217345720765041
-0.8403558227649397   0.4932213546921338   0.2230870715532305
-0.5676706323983598   0.11677979805465166   -0.3410947135297018
-0.2954936720966559   0.5544788303821311   0.20327761304472314
-0.3047192612058156   0.42591137972946336   0.4272233361227744
-0.5631992863136072   -0.1076804019306753   -0.3620936933161901
-0.9363794793608244   -0.7630657264680786   -0.48628565738804597
-0.10893688927657341   0.20377685272598178   -0.24977614497034772
-0.8654634322456123   -0.5700812837193829   -0.005877140373270806
-0.32321339297484597   0.23461222607663346   -0.007735751941942981
-0.5252484062731962   0.12190465662116945   -0.4416414852762368
-0.771413326802691   0.07048028210940815   1.0
-0.3105088617185101   0.24914383395955375   -0.3079523284385154
0.007642714822170493   -0.523051061868163   -0.27936705314240473
0.03854946408833726   -0.07766571670844347   -0.38971483539450746
-0.012506823292990243   0.16986702374813234   -0.28121366462906405
-0.36166272781378817   -0.843099699966246   -0.7797245057207574
0.6125806660650175   0.5195509455113889   0.2079328671961318
-0.9578262067278394   0.25741063827723654   -0.5810722390448368
-0.7459794656589485   0.36201340229013534   -0.15076273049444266
0.18904944497127918   -0.211669926948712   0.2422782459118904
-0.966470134183256   -0.09239617783253296   -0.011868474520233319
0.11625940741943785   -0.5050086930379859   -0.3026773676230995
0.899242786302991   -0.08246322898434122   -0.2538153901304958
0.06291956761527051   0.35764012828397473   -0.5542442739174083
-0.6213812887294476   0.22432590980810718   -0.45545745996737363
-0.5828501980482247   -0.09471263847484868   0.05690721719415781
0.013792341047345502   -0.05975340445397581   -0.676741777323101
-0.6996643513743053   0.11309006157223722   -0.4929666245168681
-0.38919045098019955   0.7538211261412491   0.7411871007699118
-0.12117352421152339   0.2196889840903693   0.4414578509235021
-0.078495830222168   0.03861915978821706   -0.38535317168572836
-0.4457589785811209   0.0707286288710387   -0.5481833694403181
-0.5939640439403784   0.05662801194947842   0.16777381916136958
-0.6664179087635865   -0.3648741204530247   0.6094785240075262
-0.45910662130422186   0.14393667541363997   0.41521194014684504
-0.055667953552659966   -0.03456963684309167   -0.8479351224726372
-0.33583916651036794   0.10139292052763538   -0.8008217312090096
-0.7173664046676471   -0.038274947275326876   -0.9443516415301965
-0.8243970398264616   -0.23570005812228667   -0.8040625343915131
0.4977222507270582   -0.060558550058615435   -0.8863715957441474
0.761851869723269   0.5036042094457636   -0.12956852696985255
-0.6886186032630648   0.4510000936978289   0.07576342691632831
-0.9911719915501154   -0.28850585415845986   -0.9762305809491977
-0.2047309250579762   0.5668505748211279   0.41594906104909346
-1.0   0.4308830053601902   0.12580266189753075
-0.4263993932276364   -0.722602253740716   -0.5200548315049139
-0.11523758738124246   -0.2669190577231082   -0.5504191262546408
-0.6518910198181328   0.20267335589964564   -0.6454313051267369
-0.7855527261012931   0.05941220416199511   -0.9512363339742632
-0.041733957291565815   0.2376462099296779   -0.4471617909293767
-0.9253919846783322   0.25081481449255727   -0.9915099414543546
-0.07488255761091134   -0.11516622947298005   0.5185396668354023
0.5632281225065816   -0.03144185612444461   -0.8966525975465328
-0.6313585843483663   0.16698138072600877   0.5846298890967072
-0.8579528999223971   -0.43855936605561474   0.22045041662225473
0.48319022329963657   0.35939594059737323   -0.23351088700691047
0.14111489020806167   -0.13267443589232486   -0.2727891275343314
-0.735108747071153   -0.14982131249837594   -0.8220871124934985
-0.3202750979153922   0.04429216871248198   -0.8366175229787978
0.4414494161226865   0.3712706050854193   0.03878095940960735
-0.014057495634270833   0.24673699574039398   0.6227690485241846
-0.5035128307529305   0.15951992348681698   0.5304698203603029
-0.8441166708101316   0.38867560186133243   0.21984807562491637
-0.9919004532303538   -0.6482585909471317   -0.21063946529328015
0.034558515585099814   0.0008151343925240084   -0.0429328623234303
0.6302958319801115   0.22494863847921653   -0.7081465596686283
0.35479264483148243   0.0533208370610212   -0.6021542615870844
0.11378864808024947   0.19915153394533913   -0.8879994802776047
0.13892951822776678   0.08902183135534125   -0.3487129074477354
0.20853803479093846   -0.08587623855819615   -0.8073714032668668
0.4269471720072773   0.03322044920890965   -0.7100483886415458
-0.7049830464860589   -0.1877574753903022   0.7025556941568911
0.16023155647354725   -0.11332854865596342   -0.13617047031253737
-0.3384124674163691   -0.2535156119598232   -0.6069458381564303
-0.08037354846175071   0.31771943624607646   -0.6550867984755038
0.1805551196422015   0.1164285487149932   -0.40777546543573795
-0.7048992750540002   0.00815476461421083   -0.681761619356236
-0.03758117021361229   0.3813859915159017   -0.4041851096084209
-0.8062609306658719   -0.2609169530562856   0.6854452928344625
-0.6097464068421135   0.0782865233099499   -0.9507425100639022
-0.6957225022483047   -0.3385836373985426   0.14918873100856023
-0.6329819768865866   -0.2455403865333896   -0.04695312197631796
0.010701639737507485   -0.4145742260416774   -0.15638551689130653
-0.48113972694631657   0.006759023363594796   -0.4851344155896594
-0.33079507353494375   -0.28089894523474523   -0.38715549886084333
-0.7176797375194065   0.2561643027184537   -0.907642428636647
0.14585910221188603   0.1892918978682645   -0.30474895604587127
-0.7394907984167524   -0.504859501804639   -0.2565000651112975
-0.23153729613485818   0.023404519906462307   0.03891003516718494
-0.08452879261194746   0.317025831480356   0.7186412899006245
-0.9499767696326978   -0.5705140140885565   -0.31587074314613417
-0.4773180881183158   0.053170801287693026   0.12957314606272896
0.18307189260994594   0.24001848187400143   0.40059309352961825
-0.7268147173887041   0.6997758184290266   0.5281084712864197
-0.15315420709971783   0.1679094411899682   0.03976623231013132
-0.20140501012907763   -0.9210040902162153   -0.8684053975682355
-0.9524138683989853   -0.8845330395486912   -0.7035404485168
0.31851890998642296   -0.5323309526877894   -0.16463852500088583
-0.8044361415480404   -0.9824134963223425   -0.9079216857888811
-0.9663450018004153   -0.5280922796905003   -0.10072610974396767
-0.6485784312377101   -0.8360567573214328   -0.561302976539422
-0.3474742702354926   -0.3782306863121082   0.1277862243538077
-0.7195813102273374   -0.2085276350811992   -0.3103217960288446
-0.8501133308488233   -0.3426620310890496   -0.0020770674461288996
-0.5007718417357974   0.11070828932726817   -0.4090696353948299
-0.4396130500062825   0.07486042013645089   -0.5748166889841984
-0.26436321269877117   -0.11955626991892176   0.48181382740826617
0.2330873409571783   -0.17504179863768377   -0.3279762623797313
-0.23388445435344052   -0.5711094391371228   -0.019308410498418582
-0.7084999787264411   -0.2378648392366418   -0.02000397266873266
0.4133676861171163   0.20974086048203744   -0.7942138253285209
-0.39143498586942205   0.3340249510757094   0.5103589344958039
-0.03635259141125913   0.7355349176336956   0.24372532951254522
-0.045534999165331214   -0.013559497872586146   0.24999276993537678
0.15990002667794267   -0.13003380815343224   0.38584072838104966
0.20909655181654596   0.7433290082346167   0.6395516417180882
-0.029017778811172068   0.13878577128209524   -0.8431934055898941
0.3043749166926173   0.48632385609889184   0.20166697293385694
-0.2332065168308154   0.03201033404358533   -0.19846502026436896
0.5056642047567295   0.05679324763294047   0.3057496777778581
-0.34292651809175656   0.1754425590940918   -0.08944705660695629
0.4196435089059618   0.22345443157366351   0.1915896656012619
0.29363445566622404   0.5977480899905459   0.6834268336446012
-0.12089198648869592   0.5294079261791684   0.46382195386441283
-0.7875811187289872   0.3008620763877814   -0.42575944040911184
0.3481639572301818   0.15140765435184944   -0.8360004189309789
0.07161411083406999   -0.006482859595593915   0.09053103936346796
0.1780879143927392   0.0521773723579364   -0.5179924856315179
0.39518147842577944   0.43841938774521294   -0.19784402417006342
-0.7964195134194021   -0.15986362223778117   0.16392991184019667
-0.7404368521599605   0.19388446537348392   0.07081262884480011
0.11949917071387173   -0.25173276347981366   -0.020157295141593368
-0.6034660472911816   -0.19460843948282536   0.1643673617878405
0.36764571594236983   -0.17562278690953093   0.005842108155970527
-0.007868666489072362   -0.006540585259894538   0.1330780018744111
-0.31326619337160566   -0.496347183870821   -0.05706738493460095
-0.262906325988574   -0.5125551102873487   -0.2842055561496277
-0.7061797098670258   -0.050659036137658764   -0.7590867977892501
-0.5015442065677218   -0.16704861683495809   -0.5232699989922995
-0.4611002096409418   0.12494932118884683   -0.877876615973115
-0.8300447587145224   -0.0084533868270672   -0.9767152616736849
-0.8603693992535809   -0.04775798165367828   -0.9589312446152333
0.07972491306727258   0.34817630266227373   0.07910940789171073
-0.22404505858520485   0.07833815900042151   -0.8875755853548347
-0.2534678632024664   -0.2984214005238244   -0.7857920314492461
-0.4829418051094043   -0.2236271996581769   -0.054703915686393545
-0.7265641098263369   -0.3361686485287563   0.45837507112461995
-0.5835094521589383   -0.13001752790222   -0.4329027713697854
-0.1291704587975202   0.23524170150384638   -0.021830081115262523
-0.3195591729228705   0.34444656314049116   0.10413585020428373
-0.4129184184168295   0.491923224597951   0.07760323443243644
0.16631405690023993   -0.043249022862487885   -0.7402995489155875
-0.7518746108881127   -0.4298999945611912   -0.3670456027072333
-0.4440483145451798   0.10155335285127087   -0.956143578035985
-0.07480122806960998   0.01334620310069723   -0.783027113599942
0.04065196621499667   -0.13348245444077045   -0.6699457298495489
-0.211574868863751   0.10805562526750001   -0.6591488059819922
0.6436989395472221   0.3903090486436609   0.29382122923969867
-0.33860256313106707   -0.02026178893833186   -0.8882202120624907
-0.09956955131191536   0.12351011806224355   0.5119879095632325
0.5449816805917069   0.11048255345965563   -0.8204733566952653
0.5446874095575946   -0.05846851029195843   -0.7496358224370394
-0.28679250532228984   0.249828194436857   -0.7699952623327763
-0.4258272067164235   -0.1217975678181239   -0.5984353459761096
-0.25314860915140414   0.25471761496664613   -0.014999906679490693
-0.3846287382872736   -0.09864666506738384   -0.19623925548607735
0.6939515410287633   0.3447671109576729   0.20862757899911988
-0.3441498211426074   0.5404931454701911   0.1680061526015495
-0.8638454790944242   -0.34741922430335903   -0.6410281222454912
-0.240107664522211   0.08594791189941531   -0.7726158478088838
0.18682955473258822   -0.17682745332126548   -0.6686586571735642
0.20255971185770272   -0.08480037932376516   -0.3278587524615465
-0.1760627938410657   -0.23598346652718294   0.555877333601819
0.23002531717736918   -0.3091067364224621   -0.38714367875955946
0.18108247590482107   -0.46684128157243765   -0.4819564735169405
0.453710578110448   -0.028769334317713113   0.7240363375238186
-0.981159670057955   -0.4119910750406449   0.5421947806421539
-0.4142327256239785   -0.46207232476842863   -0.35754116308372585
-0.7174341523478021   -0.31276731338122743   0.25493738650712383
-0.8708333122694357   -1.0   -0.9148208909440234
-0.6021226162311113   -0.14286854068840038   0.78516766838048
0.1740995556513616   -0.3434687032338304   0.11602045419410767
-0.8422203505851925   -0.3039977602273083   0.4963305973310288
-0.9037487591047454   -0.32449340693541096   0.30113251695326104
-0.2128930131793072   -0.28154489131842564   0.053408385702624184
-0.5460771536063356   -0.3250114992185902   0.1235190943612392
-0.9449870637375449   -0.9348129147923838   -0.5816122907813325
0.18343464951930555   -0.29234812335258775   -0.2098784325533506
-0.07183781618446639   -0.19079907314082634   -0.4987237762961031
-0.929181308858336   -0.4423597229272139   -0.16539322689979064
-0.9296823870694887   -0.3800050536377739   -0.12519633907249694
0.05736311092030766   -0.3421395798352861   0.027194843093972576
-0.7137998181214478   -0.7350817577823908   -0.4491661030923898
-0.22478454269357473   -0.32634602095706655   0.07332469772357175
-0.7220270232168209   -0.6482213902235286   -0.4831126859224101
-0.37342849029300984   -0.43038042908905205   0.006331246993126927
-0.8121388026529578   -0.6348919429115882   -0.0757588248396508
-0.32549085482743045   -0.2328784672074764   0.2854072657483304
-0.8466581500871779   -0.9110202642724835   -0.8899984931001337
-0.8769422493550079   -0.4917371267939944   -0.31381097351582943
-0.5549744578499111   -0.6032555253544938   -0.011786807293555635
-0.9900199413345504   -0.7072423543757808   -0.13386494581304387
