0.8866582078746064   -0.17476494331183667   -0.2111898793531367
0.2324619211704828   -0.1508211176607438   0.11494128858784447
0.9284206608532211   -0.010088122886940276   0.5506381894274242
0.9234680850669583   0.015577902927570886   0.49522773636478945
0.8117045413549115   -0.043863313752398825   0.18273593685521328
0.8898427784726148   -0.014159457812125908   -0.5200015764740279
0.7393263392647209   0.033779345242073155   0.6310418461945928
0.8569114687790225   -0.18689784050555236   0.03721435659834871
0.8167451643100057   -0.1435471703344673   0.45393209877399987
0.8985257352989102   -0.3168847422525709   0.2554166479006226
0.7968506617363027   -0.2749588576685832   0.17085605220291722
0.8793337735305637   -0.3805358913279455   -0.20588930092074953
0.3705331878091176   -0.4893441514452239   0.019932939005351757
0.7410036738432224   -0.450185476492321   -0.4042776818367484
0.7147873711853754   -0.2838842064814282   0.27703800271328927
-0.3500109046035167   -0.6744510729356514   -0.2656503646463969
-0.5960160436961688   -0.5197644386766826   0.12914359305782908
0.8527155095139909   -0.14994503522057256   0.5140741584062218
0.3294056057024295   -0.4681335083248108   0.008159821964544234
0.7155879551518765   -0.1746490483234544   0.08610052862413142
0.6207647469563626   -0.30785920618998963   -0.08420244328665794
0.523812562521746   -0.2971465688641828   0.36010090282486007
0.35564727334796364   -0.4237441637967624   0.28201916831188867
0.5700143664935924   -0.09746918314961028   -0.07847145803246625
0.5985532200955168   -0.3260503094460656   0.11692225342863471
0.7289387685979802   -0.19470375270904794   0.5172395117548532
0.7870626621275019   -0.25383194499484296   -0.1884648185385709
0.8438704127062093   -0.0566484225450159   0.8229674799175375
0.31458056891321307   -0.022057925949978796   0.5789652769384905
0.7101381475794986   -0.24098424035484045   0.11959523144618966
0.7058839637852374   -0.12541748176094636   -0.06737160287861121
0.8272530341587274   -0.1334273082379538   0.40160523255887637
0.5452609021962882   -0.3470501801820931   -0.2362318512278324
0.4604122765612304   -0.18016770283055117   -0.09462311386834088
0.2111117044160724   -0.5994972337669999   -0.40981367906757415
-0.053995669967936366   -0.6034676176310947   -0.2711662736782322
0.6520294216114042   -0.009744838776960085   0.48074524935499174
0.8890044390254115   -0.2619912533995651   0.32941331008712615
0.9064381715048877   -0.14563659053086875   0.37246451749056764
0.9260220274633226   -0.4925123493557231   -0.29509873645880325
0.4286216849162765   -0.5392054868512977   -0.16411095752231286
0.7877429036379755   -0.08238722017700251   -0.10530426756464706
0.9566402019197981   -0.2076885403290456   -0.4253490120270723
0.9280971738417749   -0.1586171966302321   -0.43509381522930957
0.7979914540717872   0.03504664613012687   0.680303105091812
0.7204803645221574   0.2230090859090863   0.7481015677341512
0.9497239730989493   -0.007589847460078958   0.6033846227155932
0.9347658165744257   -0.05017361477761739   0.5391368113001473
0.9234574917795313   0.07340731006108725   -0.8648573852338608
0.9005909609326443   -0.09352842679102602   0.33938775429116164
0.8998262404381363   -0.2817885791550818   0.04964179740801855
0.6103035365389375   -0.5137108141677158   -0.5933970510458475
0.1677276393416003   -0.19603776855893273   0.4529477009561209
0.8367412247585111   -0.1603949360969188   -0.6760934109246313
0.8903462765151879   -0.17074425802230386   -0.5315328454832692
0.8895716758568886   -0.1044193424164448   -0.8488649882565901
0.9304023830544801   -0.1473114021742662   -0.8286281417507372
0.48560020837748863   -0.13468115967221195   -0.36433734625291947
0.5498513290747331   -0.19287009217597295   -0.8155007837464832
0.8241527290367314   -0.12464310432368197   -0.6630415753297266
0.8887671248743771   -0.11646303250017365   -0.6655481660504079
0.9646435761246028   -0.2022088940158634   -0.07258009279206323
0.9652969503816098   -0.045359330310262624   0.4214063997791595
0.865314331725783   -0.10180587583411571   0.2893182644424954
0.9158467880926695   0.23427056966881965   0.20217664208537678
0.9309272677800544   -0.11494483271510259   0.18930358109316758
0.9768044168820118   -0.0020684347291884952   0.2183613481831157
0.8273945079295189   -0.2583436661796924   -0.14462325725658454
1.0   -0.09363374310551154   0.19657676305009875
0.802890001176171   0.16529675239858932   -0.04383425206429603
0.9326350446629577   -0.10173768916852655   -0.163478814364464
0.9623445215823165   -0.11101300110868029   0.15869269257860696
0.9297544242663802   0.13282856646700902   -0.22537436928344512
0.9947724967496874   -0.04280194575619256   -0.20997077826297506
0.9325167963740142   -0.08874904794305194   0.11320845886767739
0.9417377181973097   -0.13175023094654692   0.07680528647131979
0.9052799039987605   -0.10785618209604264   -0.11532575012662882
0.8455135363119617   -0.0834001512434629   -0.016245857213073145
0.8242927406367377   0.012694763710794588   0.11066234387535645
0.885038422454089   -0.06352418354304301   0.22180517731310911
0.9128927972731997   -0.048673668102269696   0.11210674291802669
0.7158857297396855   -0.2160471138935982   0.10756982568583107
0.854096134012166   -0.0646713843332456   0.5569903321358569
0.6681966505708117   -0.12356857116254705   0.3564275364911267
0.02127675187810496   -0.11373190447585158   0.06674869920405002
0.48736405196040966   -0.07608606722084965   -0.10632908871599722
0.7189592896065722   -0.09341016899371046   0.002500948739317943
0.9758127544253872   -0.13091619375068353   0.316478345457903
0.945979002247437   -0.21438783245960746   0.4335733035952527
0.9038720006007361   -0.028299815686520846   0.13540717302616034
0.6122357544628356   0.18566425525468078   -0.3308008395942543
0.9427094154303268   -0.14368030053637504   0.3732769763593444
0.9308290016556868   0.004675848841827257   0.09461760030049438
0.8635236665603392   -0.0938712377808607   0.3856981006223892
0.879809463914651   -0.09569243348853895   -0.10598762278542717
0.650781966634101   -0.04766485269819665   -0.10291989395677237
0.8091677487846582   -0.17597574118498482   -0.3211308607561508
0.5263331957636248   -0.14953601469623745   -0.3839914983489756
0.06745247131645993   -0.09411453168737594   0.1410487684603039
-0.020094135805459157   -0.3509079503698421   -0.5730004562646389
0.6630757065254722   -0.24720586644782228   -0.04144992446558038
0.5764002488245756   0.044808517450718455   -0.8228527821061704
0.7537984928697299   -0.2710082248367549   -0.6861645999163384
0.9565655628603649   -0.12910701236726796   -0.8442880562890884
0.8026520246184168   0.07462689113150378   -0.8665769914544625
0.9209877853539763   -0.1588742177117778   -0.8222768376688616
0.8798331826150405   -0.435253991083727   -0.22643539238462107
0.9010200252612877   -0.10775482580709062   -0.13797920049594814
0.6994996234628337   0.06427520865818925   0.4258458300897161
0.9228428809321774   0.03398886659861344   -0.5394445019744971
0.605603667007989   -0.3667205232657266   -0.06686496916015727
0.7818064284580772   -0.23074391675047468   -0.14735552606469893
0.8547311630848056   -0.20677997898690936   0.051748854232285924
0.8614318464241337   0.23099663696331207   0.3216625053554152
0.7579371727386279   -0.43701314714931105   -0.21985701436425498
0.8467930684198368   -0.020042144152817798   0.07142231071180638
0.9431452905227762   0.08121378888510922   -0.37003596183717025
0.5886097794619753   0.13136660508601228   0.2981828657299834
0.9200762673138572   -0.10221230052380459   -0.5688554422541093
0.8817604930382299   -0.09153641609041585   0.3538097308782304
0.915932163892575   -0.09194391947255043   0.6311456762524599
0.892255040540979   -0.10028207795463728   0.5131863574547171
0.4071187053860068   -0.43709888804105035   -0.26692748099247876
0.8396601868643636   -0.22687442257479196   0.17667701646067768
0.5041986040250297   0.06369540738690449   -0.011243019909065954
0.5977624474301608   -0.1407840040073438   -0.04090999625955771
0.8096380000505907   -0.04804576325647947   -0.032245131225195234
-0.34960255391157   -0.7649241910530801   -0.3816158709094808
0.4578164994020144   -0.1636634649552997   0.17927511900209936
0.8297653402086038   -0.11808738786849415   -0.12735685124177154
0.16165056370283892   -0.2858206343845947   -0.48867180303100877
0.6169141426314075   -0.4673101493091425   -0.1891234706004843
0.8729053504344668   0.14604806639477452   0.7133941614674004
0.9198305302552889   -0.24620757605736276   0.23918574973171514
0.8065386386001787   -0.11300980949940564   0.41808314399813407
0.9226716781925393   -0.5682411761218402   -0.5283346405499669
0.8703812470717964   0.026379048096574875   0.011682645595120222
0.7466293457969388   -0.3716440491349363   -0.11290366059440615
0.8932861082742691   -0.1832209345495689   -0.02720318120816667
0.9358953263405707   -0.2914015409851203   0.11738562346997017
0.9185454138825917   -0.06078029289914255   0.0638330618924452
0.9310350856682981   -0.3195972018157254   0.19994188088447729
0.7605931108789135   -0.21683672417409394   -0.07551550683747088
0.9409794246418726   -0.06532598365963571   -0.4838578748868896
0.7393772962486542   -0.16402941519483194   0.006838741450189367
0.4101544266585322   -0.07584833804945701   0.028467057549264485
0.6563171019337091   -0.04419535764131144   0.11227385891012687
0.696329679919014   -0.6397991623334132   -0.5883864869179283
0.42445112117011075   -0.5159375760719886   -0.0566856809798697
0.9041849606295469   0.14941963105925793   -0.22025165230649324
0.6936950260711219   0.006578056954882339   -0.1674486886880706
0.7010255603230751   -0.3586779500010955   0.1287174478823092
0.7077980922912832   -0.5142442641128053   -0.26537733984413947
0.8750504830993069   -0.3220560521677118   0.0805802979331578
0.856662267332581   -0.37078964603315234   -0.5540092811283213
0.8185579085580712   -0.09754043056366812   -0.008888055980412535
0.837977925832398   -0.132754713760744   0.07505932918182912
0.5212821874814839   -0.2652373871416833   -0.3522308627237214
0.8382235515959722   -0.22983695513953262   -0.5656307873610475
0.5640998133425039   -0.2815927858123075   -0.42296431973039006
0.8346012284580577   -0.3053365916657168   0.30144014764400406
0.770870102155832   -0.2912947342890394   0.4177087892562421
0.7764249746780918   -0.3232377922447075   0.3628094470418546
0.5989382242305794   -0.2790499706307775   0.25474671082548506
0.9513699672585902   -0.1118444572702173   -0.22538330762168346
0.6089008806503493   -0.23175094255144213   -0.5600548012423967
0.8872760771439572   -0.3308265173149091   -0.45085858828552206
0.847326023708896   -0.3289024972956449   -0.27488233901252135
0.9278078609671772   -0.43426480390449473   -0.36488833687609923
0.9559477719291201   -0.3759654058670877   -0.3288640038493684
0.887231373447432   -0.199892277152928   0.12602288117053106
0.8112779174968827   0.4622185966931165   0.285648229207049
0.9152125154135364   -0.4318807787899932   -0.2267200363729165
0.6420077458642905   -0.5826061275010841   -0.41954324432728074
0.8724858414470134   -0.15328172261111128   -0.21464246248643593
0.7740045873238097   0.3639560159785211   0.516085141268571
0.7320417698474877   -0.17532879388470068   0.043947237217125235
0.4341349590578638   0.1845994174910328   -0.11788259443985527
0.7113791147863409   -0.11075775888660477   -0.7417650168864096
0.5620147780552831   0.2247501805095964   -0.7129400501222377
0.6771388923388801   -0.12586609314170916   0.014187831210232371
0.8650392224508177   -0.06599328310245178   -0.06642412496694305
0.8319842173732321   -0.2679169714124583   -0.6006432746146992
0.8224513137769418   -0.2795824025619663   -0.3077478162780848
0.8374000754264801   0.01434456265851436   -0.2760974187103973
0.8992067897647749   -0.11769755467331133   0.30738266733246666
0.8975240564844376   0.1392679306962492   0.10088707339471648
0.8664446012299287   -0.17559123720676562   -0.2588484423373859
0.878520657243713   -0.008258854072572763   -0.15893957873714892
0.8761460490102351   -0.07880743994709705   -0.16778741752479664
0.5418719751244419   -0.29754747181432917   0.01994951706033099
0.6810079985301221   -0.20727309034721753   0.00864542746282737
0.8039800036602784   -0.13654621689872182   0.1654284526791523
0.6652677594457761   -0.40023189471768994   -0.11238625395692703
0.8897381446754087   -0.16997195729919778   -0.3303939760626202
0.8136278556262755   -0.30718695925807826   -0.23855671471910034
0.8541360021430013   -0.2439010214525067   0.08543694566281101
0.695287260954043   -0.31150995666738646   -0.04729138478087547
0.5712419930238504   -0.4766891224801384   -0.39068208693627304
0.7663524275065459   -0.3524127415011079   -0.152271425234783
0.7928817327277704   0.0647622718600438   0.009611590246783264
0.5824141357243722   -0.3811945166675562   -0.06247915546991967
0.46032499787001013   -0.31906170060874584   -0.1755399107923472
0.44903505784953457   -0.49621261598377087   -0.168734156098569
0.47875950021914493   -0.5195745844701973   -0.06012951166970293
0.7811756348587626   0.1435840943741833   0.13510016416048187
0.8813098519679428   0.04121622132188474   -0.4067782094034298
0.641778846329921   -0.2909732915405143   -0.16208144020393156
0.5742772202407509   -0.1452343368257868   -0.06743901504870464
0.8071793483910787   -0.19701204960930874   -0.2118370599593966
0.8974739574369666   -0.14961911203898548   -0.43157144661041036
0.6836008804044253   -0.3522158050864028   -0.13378728913138804
0.7390238725035316   -0.5824631007042201   -0.3468057341078824
0.9290880926968355   -0.3026013457741582   -0.33460268214429
0.9178037228422122   -0.5177763006999887   -0.38475675766703654
0.8274782274686898   -0.3391385289838834   0.14037808095799376
0.9012069115390686   -0.11307364321287305   0.03451418250106797
0.876575131954221   -0.46096223845725903   -0.39255755871910136
0.8171588983461628   0.32981043411409283   -0.12985670351030232
0.8994066698339913   0.05635856935217354   0.1627568471070382
0.7374258330609202   -0.032763407439492465   -0.5395579908959587
0.9041182174155362   -0.17414398395999675   -0.48058628878626786
0.6940377375927291   -0.5220186903264734   -0.4814822437763384
0.9511680435856298   -0.04857211489649904   -0.21338596206574578
0.8146097118315958   -0.3853800434538178   -0.0480903671901427
0.6037945212260085   0.026286520197384533   0.040543751236333136
0.8476237554417516   -0.4785322170981453   -0.17838692131349698
0.9146849558971089   -0.3435686302701553   0.19067384000844578
0.44754653594476945   -0.3389914559176387   -0.2471112418874407
0.7447403100641319   -0.28765195540839505   -0.07971107901772889
0.3983169165586047   -0.4425756224341061   -0.536198849000642
0.4195716927872555   0.0572474377562282   -0.10121949537127295
0.6836251606781496   -0.39289236041429065   -0.46803386762369914
0.861597583536799   -0.217776459187347   -0.3639323028959157
0.8580357085912449   -0.3560369752719891   -0.35546789677069346
0.8807035347359304   -0.27030646989513263   -0.018070849064846572
0.7409308257018803   -0.1675176917960407   0.4881658437412242
0.9238279407506909   -0.26036348049919245   -0.24820366980230368
0.9448937423961012   -0.2312523664231495   0.37260727227550694
0.4276840938020343   -0.2945636791320426   0.3490607762016511
0.9043214682626326   -0.47795267084649007   -0.3470630019767337
0.8491024602186463   -0.24199520316737122   -0.22418902804536578
0.9008269701378055   -0.18051396125277797   -0.1647858361048099
0.8763269280480539   -0.10132055374382387   0.10613705024197295
0.9321614401680005   -0.5029574064395645   -0.21451238513912785
0.8468170814725031   -0.403373983716803   -0.023333490739894547
0.9107252469199052   -0.3571403092161787   0.13470426363293964
0.9156765759203793   -0.33561879647664317   0.1762821099353895
0.7028484807723188   -0.06285929987168981   0.8207647010044659
0.4890584001654561   -0.3750375494517798   -0.04424356231616966
0.8965911084546363   0.07469198374337616   0.7573182670851695
0.857760851383667   -0.09747703581545797   -0.8680631546212145
0.803480293429145   -0.034036287879654736   0.15761995163142628
0.7557163435750758   -0.228216912462206   0.24202118757003688
0.7413403289650438   -0.030841220377247236   0.19888848859259234
0.7857134284429956   -0.23757320371052448   -0.7694388966784275
0.34732613194086626   -0.2754457169043226   0.12878469405546444
0.6891599189684559   -0.4185950616546271   -0.22716620477348826
0.682730391417657   -0.3667179516525295   -0.4435101332087974
0.5170807691786246   -0.14690413337122987   0.15013246235262323
0.8019188859084396   -0.3064197612988292   -0.016580689337147625
0.8370700348152518   -0.20082957195814277   0.36010494388841674
0.6339034842392695   -0.27024959498208634   0.5142389742995488
0.35447237357614547   -0.4928411266376467   0.11579833557285424
0.6994798053405833   -0.2572929034883672   -0.5358697936717662
0.8136559933841478   -0.22611990988946185   -0.7140211706579416
0.7070841251841173   -0.4131795099240593   -0.032726894216652314
0.8917087558585368   0.03203771749107909   -0.29869722499492135
0.339030183550606   -0.46553007113451117   -0.16770095553020725
0.9030746853281071   -0.10777700912852417   0.25713116480240483
0.6317643622559599   -0.36032994940272556   -0.03734170644982049
0.41683208370047753   -0.4562515479853425   -0.2741590447114197
0.8271022863697279   0.3181211576289482   -0.6166778613635062
0.9378899612979374   -0.15214091921214024   -0.16616758170245127
0.8768629960043686   0.04296406393187535   -0.5980443461947834
0.9154116093269533   -0.21411686426313437   -0.38965834926888465
0.8540908780608558   -0.32209353328112955   -0.6660449067457312
0.8055553179212032   0.11753272320667385   0.1447545541208206
0.8882573851701128   0.19730238136919098   -0.6689354098472204
0.7242366943649399   0.15671103761431282   -0.5422047821913025
0.6961515583472815   0.19412044306511045   0.01724626912899785
0.28300748984189905   0.14970444030222785   -0.14337051011640212
0.930757080390052   -0.27003747109610077   -0.12204741362087035
0.778848700745085   -0.4452985375974662   -0.22868364852002432
0.8446414742030541   -0.3209824694455905   -0.14918012556024407
0.6285039780124086   -0.3007841654723705   -0.22724690666192648
0.8389857515512029   -0.22618306695257107   -0.11140590644801107
0.8749679619141497   -0.3929922195886094   -0.11801396740813452
0.5778861342767954   -0.613012338890891   -0.36108764032740537
0.7169728423466861   -0.0434697266362547   0.03387688904694164
0.5449483529185861   -0.15755831267770704   -0.1390821066483341
0.6055755903598499   -0.1767189657122369   0.2213843969327982
