0.7951037408314123   0.0965291553777492   -0.6351908412990425
0.26797520508951367   0.0863565333669023   -0.5658981901695792
0.549430509634421   0.124198195219003   -0.6692687547111047
0.5344747518720425   0.09847993823043977   -0.7808918696498377
0.6104764488547421   0.033074429965144425   -0.5919028702351002
0.7651638763245827   0.020393278599012854   -0.4185627587610351
0.558126247364964   0.16292793746313072   -0.3191904311468998
0.6238460079708268   -0.1305474549794512   -0.3417315135335195
0.15560345818669452   -0.2542735827130481   -0.48239685545712163
0.39968031020303973   -0.18844233175522418   -0.35229578637395464
0.4206050395138059   0.1576891384490826   -0.8016422531018312
0.464176072523121   0.11654794686581682   -0.26743691472854625
0.5645052470998881   0.04610810224181705   -0.782824128194628
0.6218400650430451   0.4420075892436086   -0.37871631444316156
0.5138088815612845   0.28241355164831194   -0.12231160677212238
-0.014817985491397567   0.4289116298836655   0.015315027267611248
0.043128729342682526   0.5450681956273771   0.3538529412462057
0.5931012010395875   0.09039990352846439   -0.14840792201507658
0.6478028658551152   0.15222332162388708   -0.15025679897438649
0.1478515225089736   0.34098919351462054   -0.563812392513247
0.4372107140945558   0.27787094256983047   -0.2355154852894248
0.5820441182629637   -0.07141969872917275   -0.6690777011622587
0.2733352694360922   0.23863420649444955   -0.7980732370182908
0.39381429743850904   0.6655681981203732   -0.6560307253570292
0.5275875618459447   0.0206077785265395   0.005700141828127725
0.5376037096525546   0.04895738677781725   -0.11567463442023262
-0.01723534224302936   -0.2974783406089856   -0.3834385005187875
0.3783894172409492   -0.3602662995125866   -0.47393174215155154
0.5958226789781818   -0.22150879446187643   -0.6160643229602087
0.6406680912119456   0.056099421739912   -0.09285084092812934
0.48580191960112895   -0.4555790987847327   -0.19610126236664316
0.2847274821496477   -0.5362772308509348   -0.1978302797006536
0.8002645762895302   -0.24831544870251399   -0.5104131038849051
0.6443368560085503   0.028085069492801207   -0.1032094415082685
0.15324663418058804   -0.40625763859995334   -0.7005725818653046
0.6033393591290632   0.29813042290685243   -0.7481977602247163
0.5529886774518127   0.10584518865319259   -0.5147923923360112
0.7638491598893244   0.21188950846284582   -0.15652485779993308
0.8030476601171146   0.03844530515603983   -0.830176575006979
0.44022077131771975   0.20942320270374792   -0.7403123164139287
0.41076892971007495   -0.07330710967393139   -0.26999233011676405
0.573515952504676   0.1846545087090683   -0.7648118553902514
0.4111803212522247   -0.025065344990704674   -0.5266577356021634
0.36866761671858406   0.31444661455600986   -0.7916228848077966
0.4233759411609763   -0.23496007088720194   -0.47272337592742575
0.6859967116400754   0.25692904324030197   -0.8117088808350252
0.4993987476514179   0.032225703231959724   -0.8272250204298145
0.48342762340375134   0.18277260350899605   -0.6968259350338633
0.5736241919954823   -0.3903151215727986   -0.5059464947185863
0.37232450942747275   0.5316355930987076   -0.7934049581695158
0.694090623324251   0.22767061750996453   -0.30730038780327185
0.48748175384719294   0.09283407251672116   -0.4998899365622024
0.6547179629453928   0.34365267945562006   0.04716364381476601
0.6195405097940687   0.13861033509415366   0.13122680686660582
0.6105765653659778   0.3575242459219252   -0.8300266297109273
0.45359513105230165   0.4173716620691945   -0.8171322318741164
0.5460480951379718   0.11322929595255227   -0.46867765004570916
0.519600703575126   0.41871520241252425   -0.8708292385079703
0.43468005684204036   0.11670873381991975   -0.8109407621389194
0.6739649943144408   0.3881101349101892   -0.2998446963181297
0.4857013554723848   0.2990965290002754   -0.6929751857082062
0.6299732153135267   0.2393141828266394   -0.34045254301054184
0.5306916675961864   0.020564039509030296   -0.4707222972136168
0.5406042179740549   0.3363933836900712   -0.7226211229626327
0.42928804517721186   0.26843685275995455   -0.31112954208137367
0.7266246880267384   0.3818916237997372   -0.8393127836422353
0.5969080770985218   0.03260161693875796   -0.7202182965229897
0.4825170457278518   0.22811541093885923   -0.44965297006176863
0.421383599605313   0.14709098614356098   -0.5816759281489484
0.7133362889995851   0.25418258862049914   -0.6216020621293137
0.7556583768699774   0.0635050278497522   -0.572119132036299
0.46073880529903044   0.19182338732769733   -0.7862159241785934
0.9144117449395781   0.29988217369662085   -0.6110121969703541
0.769518134528862   0.11650330867781555   -0.39158355457374494
0.8288994076047695   0.025301603088454305   -0.6135673975630295
0.521064177379148   -0.07185579358771155   -0.18968582702100356
0.3776995914449559   0.05032353454612193   -0.8141459217252061
0.5487463998642268   0.25420982606030385   -0.9019129336414037
0.1566947872803124   0.13886894142038875   -0.7705824422652663
0.5733047439323922   0.29176115683898596   -0.6444331455226362
0.3974076191264886   -0.034654823788260014   -0.5573212547826605
0.5045333676376065   0.15687107834632008   -0.63405254595458
0.6096874108981611   0.03345785315004046   -0.6485441434181758
0.4825184864944516   0.053751042759846435   -0.3513063814962275
0.2567985694322228   0.036077734891500235   -0.858153509385315
0.518433890487151   -0.2056040532275012   -0.7760837032798147
0.06920534850256921   -0.3305817893212739   -0.7129222660963248
0.6414597913792541   0.2380330937817925   -0.2012285598826663
0.15289807139762512   0.14913204007577496   -0.317666868962991
0.36011562679110876   0.45335374323300814   -0.4514296627834149
0.5971026966541024   0.19348925307709774   -0.7773193014218215
0.3794730937698405   0.1776900499478391   -0.747488958781482
0.19783283187942535   0.05300473772788172   -0.8704486237305236
0.6933365472747888   -0.23112760375025565   -0.5698970152912166
0.28077655762995013   -0.1093466126258783   -0.6875968525324275
0.5674901662793799   -0.17391006133539755   -0.8084485677747499
0.4156463906615322   0.19133235565518358   -0.7719398353477109
0.35610021600400343   -0.03340903295956177   -0.8296071863574535
0.6603392731978495   -0.06220619633624325   -0.7418372009553428
0.4949044787453818   0.05312068859571362   -0.32436379735663734
0.7353423105051404   0.07983514841361505   -0.5814823694907871
0.19187982170439177   -0.05023286686684025   -0.6968475524233979
0.5160920848647028   0.16380930583547548   -0.09828447636897975
0.6045263719674732   0.037717704526197826   -0.5362051391301532
0.556555671704452   0.04591801699301756   -0.4634115913008855
0.666075789701569   -0.0337683230750806   -0.5911956679853636
0.8183050762109307   0.03461390748533533   -0.7631636022969329
0.6182152887962344   0.06249125840646008   -0.7444681932871804
0.8424788744245502   0.06941762257089934   -0.6807592888647982
0.42486570559270653   -0.03644917418765847   -0.6573738557925282
0.7383082252420556   0.16241778394833584   -0.5315815659310723
0.46935582521800545   0.08794791713340078   -0.6422114383011167
0.6943061108280124   0.18276274606070886   -0.5342592288033348
0.7420721646804589   0.12915808999575984   -0.479746040422223
0.20655585992305014   -0.036459962532158774   -0.8393690187947984
0.5568786015167362   -0.0398498751800439   -0.7867026748212836
0.39343584258140907   -0.008335000962101713   -0.46068888516776374
0.6724149336236909   0.01422357497492932   -0.5735504136676987
0.6218872552447201   0.07601586218961676   -0.8311371604841475
0.5037570151587072   0.12724102913438573   -0.8593025907318387
0.6354571163439415   0.18263459467240795   -0.7979924667120581
0.23498651261541048   0.2055911734218705   -0.8317058940697097
0.34053919735545457   -0.01692722064325225   -0.811392157420487
0.6645979442467085   0.14590904860281184   -0.8442736953048765
0.7033491317307572   -0.07434238196297382   -0.7263880333842339
0.7053096863171777   0.11189236257085744   -0.5338290554745075
0.7308914098506814   -0.02613482763321351   -0.6383777752504007
0.7657525522229112   0.04348889163517877   -0.34587002552454027
0.30178285096610047   0.0775874214845258   -0.765901382646146
0.3004032850996621   0.020016495355945185   -0.8436496763866844
0.5654832746716898   0.11829772582830711   -0.6386007181683362
0.6503888273405449   0.21923363686884012   -0.3351277343529214
0.48145441156912927   -0.024834764767059148   -0.6858799676027281
0.21872353780962728   0.20379999634088164   -0.6779949384864921
0.15897617640248596   -0.43471477281204307   -0.40678801613778726
0.7655330491195684   0.09050248477876255   -0.060455345318974896
-0.230776848676832   -0.47842570132447937   -0.6116722515903079
0.6555710998259683   0.2936258882001501   -0.8182773163019603
0.1176165423528559   -0.03601262192173016   -0.17308301605810517
0.17102303120663787   0.26694778718261536   -0.2385085867133906
0.48645104084911717   0.07269938884114135   0.10604949965252097
0.17914686777138722   0.47544161872682134   -0.3439127238844646
0.5681533336850941   0.28950438587325533   -0.6712521089318646
0.565765112356206   0.29897683785143503   -0.5320231865329411
0.5129050363564744   0.2093931697257756   0.10577924235533787
0.12561165159518195   0.30362573614566557   0.07331441307222697
0.10500428029408404   0.4108613791333342   -0.08805587465271814
0.31755775738769865   0.37386567217804845   0.24533207261785384
0.261781959504622   0.1637879573806258   0.11053329632516351
0.47951291304320187   0.4661920126578585   -0.14982068385414182
0.6054906414380188   0.5255814194663424   -0.4724337289624553
0.4436689212317675   0.6434609849575657   -0.7339241324209869
0.5255377933640801   0.37772624321316073   -0.707810578302428
0.6464259119005613   0.41655066260144546   -0.4882068701104385
0.6939298931251736   0.17827799502004105   -0.8323767734529621
0.5686606236571539   0.1602275912620128   -0.7581184379408992
0.676770222976488   0.3432137176805139   -0.7220102705652548
0.7860771393307724   0.35721271979966995   -0.690459453208502
0.461675798449225   0.382675011610061   -0.11141317936743755
0.7798321920271878   0.4736417192940925   -0.7479311977038605
0.8283940296111214   0.3964369761903106   -0.7214508270556217
0.6880567649569418   0.23576905069510068   -0.4825249706457011
0.5607954953780117   0.31905377860033624   -0.32937871040056876
0.34891692062600876   0.07222013540820882   -0.18705199400139172
0.3402957710206931   0.07290251638627265   -0.19852763470277368
0.656995371303295   0.5714619168182411   -0.08045004259629296
0.48176752133014755   -0.1849118180639273   -0.8116073626459843
0.6463468227684279   -0.024905938141330575   -0.483343115203814
0.6217350255081675   0.26292863101549435   -0.16706521628892146
0.17367852566000264   0.48446492742209046   -0.08572063193849166
0.38149053945429556   0.40344434813224384   0.04759594208406792
0.6073472875929684   0.6896845150387068   -0.1929657376788141
0.594660876165064   0.6615201758880427   -0.1536837379501007
0.4219902731640208   0.3526565748060859   -0.9028752806469825
0.6188802590556255   -0.0592703314046672   -0.23197874560627496
0.7428738604146572   -0.19372358521638844   -0.39027766133004604
0.5152297161868178   -0.10797741130508232   -0.3523129841031307
0.3690447136890511   -0.01037187076203061   -0.28029418175569343
0.34249820862647695   -0.09879108727170649   -0.4115484029908082
0.3900423282981247   -0.14375674158123342   -0.008980129400113945
0.6241218335465655   0.08997950504641317   -0.1728549165815223
0.9046776710987883   0.45188287208697986   -0.38635865223360866
0.363277772484923   -0.08308373504384381   0.05335682163571609
0.5083881349149195   0.039757488275452335   -0.4011519642840734
0.5803550091736331   0.12774912935034677   -0.7407383399850862
0.48383390530088755   0.10717788716872345   -0.7921558163262248
0.6711332754980217   0.11839728752607681   -0.7446468411086711
0.6328858806007283   -0.12500532037500078   -0.6674112113450326
0.43368072345224484   -0.04977951357905852   -0.5725218605038976
0.5810345349701143   0.1658469102213458   -0.5552526743188926
0.14362946978722801   -0.15061236012890666   -0.8127951791845056
0.539030944161045   0.05056146372363002   -0.7105622072436092
0.6118710035322594   0.022287294211366993   -0.690769584671524
0.3036672624499823   -0.057038635615474176   -0.695310939382918
0.5003762439769603   0.2564387832590218   -0.7795613086825308
0.3237846177575203   -0.10274783216289785   -0.6581962090802103
0.39404900037132307   -0.06132122393571371   -0.7009165923392229
0.4024740153469921   -0.10346737920468818   -0.6918178367306373
0.24598893975128666   0.08212139499560389   -0.7779938708728446
0.7915396071590304   0.26435639851930315   -0.8034035521741243
0.2956424533657056   -0.096165253273509   -0.7051976992228941
0.6769757874676452   0.2809895760649652   -0.7890402865190658
0.5136718414006134   0.062016519667381864   -0.8832562946388343
0.3354742183575463   0.20718843842316303   -0.8047758197489736
0.3590405413074014   0.46684878857493217   -0.6850387028786119
0.4344675497371173   -0.046081133087941595   -0.48569315945811475
0.6994555370962092   0.2768055214527203   -0.5409279220432188
0.7208532908646101   0.3190701448029143   -0.4459871953026765
0.6864964382794856   0.19998570593093268   -0.8354627384766324
0.6608289758843409   0.06458028514364811   -0.7423339597908986
0.7823198477415831   0.2876043115242395   -0.7707644002860534
0.6897612200557952   0.16479922175646866   -0.7279001182717063
0.5486484365395883   -0.026956816668466388   -0.7256577485678493
0.5490408594086669   -0.08546196943393636   -0.6259898011566234
0.5016669146100927   0.1094496839092638   -0.7134831098156311
0.3564723509311867   0.4464933326886855   -0.7973355144110086
0.528619367988387   0.19979540177830124   -0.7258623059760343
0.6966965694504201   0.2093247021447131   -0.7316293750483045
0.5781654868993726   0.30234014457877234   -0.7223746205990711
0.5907612827140578   0.11622436337773379   -0.7409822347785113
0.5646011696794859   0.04821501793261551   -0.7368405879050801
0.40732074916976524   -0.03763061801780199   -0.5987548439574721
0.531696805435204   0.004137414694062702   -0.6700135591917609
0.5203038747374846   0.026047103964834006   -0.7420133017536505
0.6508120313064336   0.14524735239242736   -0.683999639600783
0.24390563153789224   0.09344828282305029   -0.7535124422930818
0.27779567830707985   0.2647057782515614   -0.8281039587884066
0.4590461022077261   0.41513022755966666   -0.8208525787571428
0.5059445744819115   -0.0587293290921751   -0.8405628625795702
0.43636633163155913   0.18688976530491375   -0.8821213849921455
0.16698751773000842   0.19975201647737006   -0.6051676863681421
0.5518064724808691   0.20680050755143475   -0.6889129214039729
0.5843037990182474   0.2948554805949952   -0.6274048331309541
0.6242296732796169   0.4003256348745643   -0.5164972068813375
0.5004741225266327   -0.02370397270928326   -0.5687679929082203
0.5711226458831782   0.1692455223347351   -0.532621768329602
0.5659747056707538   0.1734452095024961   -0.615642781681395
0.5550922430810239   -0.01616207655325219   -0.7653959191209027
0.607316686127874   0.017003162351370005   -0.7525022516727602
0.7306864332945251   0.2431210507634214   -0.7224097403472013
0.6426985776799361   -0.011170076479918523   -0.7692756977493364
0.5929354083917187   0.2003564032341727   -0.7074842405169723
0.7266185537631746   0.3489561952897344   -0.7251680468150472
0.6856984607412253   0.23512924044542927   -0.7826373281929611
0.5808439322999945   0.04994207701547593   -0.5889902909360052
0.531287524185325   0.0884189465091878   -0.5359109348154747
0.3198298068157619   -0.037205331592592206   -0.8416072917466837
0.5749119697456215   0.053432311801903776   -0.8027223575147721
0.5228833929454308   0.09330614051232922   -0.8309369804647376
0.6571641926527931   0.044876151941728226   -0.7585741648044922
0.5583481170333928   0.00823753022673035   -0.5659030795374749
0.6573506211286806   0.05928721705757112   -0.5928116833632721
0.7734996635551898   0.06125981933601077   -0.6138204598485302
0.6269314695531032   0.03759777238868156   -0.6556228661601335
0.6397063062630137   0.15604516300623583   -0.5976824959923457
0.7606121319409067   0.10928583096460964   -0.5834056547252521
0.6085868734521584   0.07323888839349024   -0.520537299161902
0.431491125467077   0.0545533700407006   -0.5047408142635954
0.43626498595970453   -0.05728743248308055   -0.680832291705399
0.48948089582193743   -0.05077003601160346   -0.6562661302426656
0.4689747247155809   -0.07265673292417796   -0.7601892887714083
0.6204939759595647   -0.04746142883203808   -0.6590172693693219
0.5386334116496536   -0.009178732062229966   -0.6527374153811921
0.49959528178403123   -0.175545607203479   -0.659510299809545
0.5999734201291773   -0.063322549578253   -0.5524962818448909
0.5626128548241582   -0.012024097524875654   -0.6018790082704657
0.5698425567468628   -0.03116218429650397   -0.5177871513338991
0.6190949427934558   0.18102268458801318   -0.6429638254500077
0.6640938692047103   0.0591183167854048   -0.6568647519179687
0.8148239576135197   0.051776470704587796   -0.5878450471314935
0.6223581538052116   0.09567227380948351   -0.4774918750578677
0.5051469439589382   0.02590629283360002   -0.8269296369264477
0.1292238549939535   0.14910531510664016   -0.48470324597306746
0.6493062884650704   -0.008475339129065285   -0.29177233068788144
0.3648064556903272   0.03499995349275986   -0.6565911094377621
0.4813481107862838   0.13420095301958734   -0.6877978383313524
0.09305201083904335   -0.08365608865826812   -0.3313247472168841
0.5985827282985665   0.05774817859288306   -0.5870510613185337
0.6343654566430288   0.07940931883676194   -0.704133027906201
0.5022638778455684   0.033711287945178414   -0.6964896172896984
0.4102040033333718   0.02362441522561376   -0.7794645753735039
0.10347866812542694   0.04330307827345159   -0.7308240980993443
0.30712371228294444   0.10972905872146543   -0.6290447953096847
0.38095830275509646   -0.0005819309343376711   -0.6052230071554936
0.7551676822932825   0.11494266178472867   -0.6793178940170395
0.43269298231352593   -0.32258256080463743   -0.43396207250768526
0.41009198445139683   -0.25253879430694137   -0.39697310810638176
0.6032348167907122   -0.04463059531727909   -0.43146615035297975
0.7429659514476776   0.007528241114873158   -0.42400750965208467
0.7833223022306826   -0.18664788921970044   -0.6153663517061005
0.80473314383536   -0.04054907798775731   -0.787029141171039
0.6917424735011661   0.09306870178856386   -0.6668206778611354
